3 1972.44
4 896.43
5 516.39
6 354.40
6 274.37
7 181.25
8 103.85
8 127.58
8 160.75
9 143.76
9 121.74
9 122.66
9 111.95
9 73.76
9 99.60
9 117.40
9 119.67
9 124.24
9 98.79
9 74.71
9 100.96
10 94.52
10 76.96
10 60.19
10 78.39
10 97.08
10 79.78
10 59.10
10 79.09
10 97.06
10 88.69
10 97.03
10 97.28
10 91.30
10 57.18
10 77.10
10 95.64
10 87.41
10 55.54
10 76.59
10 96.84
10 89.44
10 100.23
10 75.47
10 65.93
10 84.30
10 102.22
10 93.49
10 92.39
10 101.96
10 81.26
11 57.05
11 66.28
11 80.85
11 64.38
11 47.35
11 65.68
11 82.80
11 75.52
11 80.32
11 55.27
11 56.79
11 69.07
12 61.07
12 66.76
12 62.43
12 68.37
12 50.28
12 45.23
12 58.47
12 52.26
12 65.73
12 63.32
12 69.41
12 63.13
12 64.85
12 44.05
12 35.25
12 56.62
12 48.79
12 42.26
12 42.49
12 46.88
13 47.93
13 47.46
13 43.69
13 52.74
13 60.27
13 46.33
13 31.86
13 43.69
13 55.65
13 55.48
13 59.12
13 47.63
13 35.82
13 44.59
13 56.51
13 53.39
13 57.61
13 55.42
13 53.87
13 34.69
13 44.44
13 55.97
13 53.98
13 58.63
13 54.08
13 55.98
13 37.11
13 40.91
13 41.48
13 42.32
13 41.82
13 43.29
13 32.54
13 31.29
13 44.35
13 57.35
