2 4753.40
3 1885.81
3 1321.52
3 865.91
3 1119.91
3 1166.56
4 673.67
6 495.75
6 304.97
6 326.41
6 323.34
6 313.59
6 281.91
6 252.70
7 240.42
7 141.29
7 193.00
7 192.73
7 191.07
7 188.68
7 214.25
7 202.36
7 189.28
7 198.05
8 141.84
8 150.40
8 153.87
8 128.31
8 156.79
8 141.91
8 124.30
8 158.95
8 136.87
8 139.42
8 155.30
8 146.46
8 159.43
8 142.55
8 152.57
8 157.84
8 137.19
8 155.54
8 102.36
9 91.62
9 114.31
9 123.98
9 117.64
9 106.97
9 119.47
9 115.63
9 117.41
9 125.33
9 111.14
9 121.12
9 123.03
9 115.85
9 125.21
9 95.34
9 81.23
9 106.03
9 125.15
9 116.36
9 117.67
9 125.38
9 102.74
9 76.26
9 100.83
9 127.31
9 116.15
9 124.26
9 124.27
9 116.48
9 128.00
9 95.03
9 82.46
10 95.50
10 102.38
10 94.51
10 96.60
10 97.62
10 94.64
10 64.97
10 56.98
10 77.48
10 84.93
10 86.52
10 97.34
10 65.35
11 57.55
11 76.27
11 77.69
11 82.27
11 76.68
11 83.61
11 79.56
11 77.97
11 49.02
11 61.69
11 79.30
11 77.38
11 83.77
11 76.94
11 78.40
11 53.30
11 59.92
11 76.30
11 80.14
11 82.08
11 75.06
11 81.68
11 80.09
11 78.02
11 49.52
11 63.14
11 80.52
11 77.52
11 50.30
11 63.76
11 78.38
