2 2311.76
2 1766.66
3 1020.82
3 864.28
5 652.82
5 374.40
5 400.60
5 395.89
5 381.34
5 243.34
6 270.97
6 278.35
6 260.22
6 164.16
6 216.94
6 272.20
6 260.47
6 287.07
6 215.99
6 175.06
6 239.71
6 287.17
6 216.56
6 173.64
7 200.95
7 205.29
7 197.76
7 200.11
7 127.76
7 147.93
7 192.10
7 198.68
7 130.72
7 149.17
7 187.45
7 218.28
7 188.14
7 121.50
7 163.05
7 206.50
7 192.28
7 210.96
7 155.80
7 132.95
8 147.73
9 155.19
9 120.44
9 118.26
9 126.13
9 100.15
9 77.75
9 103.49
9 127.42
9 98.89
9 75.65
9 101.65
9 126.11
9 113.51
9 121.54
9 121.19
9 112.32
9 73.71
9 98.84
9 123.31
9 112.59
10 70.42
10 78.08
10 99.72
10 92.65
10 101.55
10 96.63
10 94.54
10 60.91
10 74.46
10 96.09
10 94.72
10 100.95
10 79.02
10 60.57
10 80.20
10 99.07
10 91.73
10 69.50
10 42.14
10 57.58
10 45.69
10 55.08
10 68.63
10 82.33
10 52.07
10 65.60
10 97.43
11 82.85
11 82.02
11 78.63
11 76.17
11 48.93
11 61.68
11 78.53
11 77.00
11 49.67
11 61.78
11 78.75
11 76.40
11 82.72
11 70.99
11 81.73
11 68.55
11 48.75
11 66.59
11 82.54
11 74.89
11 81.15
11 54.58
11 54.64
11 72.45
11 81.58
11 79.52
11 76.12
