4 1169.73
5 510.48
5 283.77
5 279.08
5 372.83
5 398.54
5 399.54
5 375.31
5 236.92
5 321.24
5 400.69
5 364.63
5 228.84
5 296.58
5 391.06
5 370.44
5 407.41
5 377.86
5 388.00
5 249.44
5 303.71
5 386.04
5 209.32
5 175.24
5 289.17
5 285.85
5 274.58
5 293.09
5 289.74
5 284.71
5 282.95
5 283.23
5 285.75
6 250.71
6 202.59
6 269.68
6 129.92
6 202.25
6 207.92
6 258.71
6 201.57
6 198.20
6 224.32
6 265.89
6 283.36
6 268.79
6 265.91
6 286.19
6 261.09
7 236.75
7 205.60
7 189.94
7 210.80
7 196.22
7 197.36
7 126.13
7 157.24
7 195.16
7 193.62
7 205.94
7 193.37
7 202.72
7 134.89
7 146.60
7 194.17
7 203.08
7 207.58
7 187.30
7 121.08
7 161.87
7 206.93
7 188.33
7 211.34
7 199.14
7 196.39
7 210.94
7 166.56
7 126.71
7 171.24
7 211.88
8 175.37
8 157.19
8 158.03
8 140.94
8 162.42
9 129.77
9 117.00
9 77.37
9 96.04
9 117.70
9 119.51
9 119.43
9 96.46
9 67.67
9 52.73
9 47.83
9 84.15
9 88.72
9 92.97
9 79.57
9 87.09
9 85.16
9 88.40
9 85.63
9 86.61
9 91.14
9 94.34
9 78.97
9 86.11
9 86.19
10 113.27
10 74.85
10 70.13
10 70.98
10 69.83
10 62.70
10 76.29
10 70.89
10 68.90
