3 1084.55
4 569.45
4 520.84
4 650.31
4 588.12
4 607.59
5 432.78
5 374.32
5 242.49
6 315.27
6 287.97
6 267.18
6 295.19
6 277.18
6 277.20
6 180.27
6 206.59
6 230.08
6 278.76
7 140.31
7 155.72
7 198.23
8 173.26
8 96.27
8 117.46
8 146.69
8 150.51
8 162.71
8 131.00
8 97.84
8 131.18
8 162.48
8 130.40
8 98.70
8 132.78
8 163.69
8 146.65
8 154.83
8 157.43
8 146.38
8 94.24
8 125.75
8 158.87
8 144.53
8 93.62
8 125.08
8 157.55
8 145.56
8 161.39
8 116.81
8 105.08
8 136.50
8 162.50
8 119.94
8 105.23
8 135.20
8 121.28
8 153.39
8 152.48
8 161.01
8 145.90
8 157.98
8 158.52
8 147.53
8 94.56
8 125.49
8 158.70
8 148.33
8 94.55
8 125.81
9 134.64
9 113.44
9 123.26
9 112.00
9 125.63
9 112.57
9 76.36
9 101.18
9 126.74
9 108.46
9 76.26
9 101.62
9 126.95
9 107.17
10 62.15
10 79.75
10 100.07
10 89.15
10 59.78
10 80.08
10 101.17
10 93.50
10 102.20
10 97.82
10 94.45
10 60.26
10 77.69
10 96.52
10 95.59
10 61.98
10 78.12
10 97.60
11 90.80
11 49.78
11 63.36
11 79.98
11 78.20
11 83.58
11 64.88
11 50.72
11 68.11
11 83.73
11 65.81
11 51.31
11 69.22
11 84.44
11 77.23
11 80.80
11 54.83
