3 1768.80
4 662.34
4 650.03
4 568.01
5 464.56
5 314.28
5 254.56
5 332.98
5 413.44
6 308.18
6 274.79
6 276.69
7 195.99
7 120.51
7 163.11
7 193.00
7 198.19
7 207.73
7 163.10
7 118.71
7 167.24
8 156.10
8 125.10
8 93.92
8 121.75
8 153.82
8 127.75
8 92.27
8 124.27
8 153.66
8 141.79
8 154.61
8 152.68
8 145.27
8 91.18
8 120.32
8 151.83
8 142.97
8 88.73
8 120.94
8 153.09
8 141.20
8 157.63
8 118.79
8 103.68
8 133.17
8 161.64
8 148.75
8 148.77
8 161.10
9 107.86
9 71.51
9 101.22
10 117.43
10 80.08
10 58.56
11 74.83
11 83.81
11 76.16
11 80.96
11 55.00
11 56.24
11 70.57
11 64.46
11 81.54
11 75.93
11 83.41
11 62.00
11 52.49
11 68.95
11 61.55
11 78.17
11 77.38
11 81.99
11 73.71
11 79.35
11 55.29
11 50.84
11 47.55
11 45.12
11 61.78
11 55.54
11 59.76
11 66.67
11 66.50
11 61.59
11 73.51
11 85.02
12 65.50
12 37.71
12 50.18
12 64.57
12 65.95
12 68.72
12 57.53
12 40.92
12 49.58
12 65.88
12 62.66
12 68.75
12 64.94
12 64.76
12 42.18
12 51.78
12 65.47
12 65.18
12 69.09
12 63.08
12 67.20
12 45.36
12 42.89
12 51.64
12 45.35
12 53.12
12 48.97
12 47.60
13 45.99
13 45.22
13 39.49
