3 1797.85
4 511.59
4 506.59
4 629.95
5 487.64
6 333.24
6 283.24
6 255.29
7 161.99
7 159.05
7 207.36
7 191.65
7 212.32
7 190.95
7 197.06
7 127.43
7 157.33
7 194.84
7 199.60
7 129.19
7 158.16
7 199.65
7 199.55
7 127.28
7 157.25
8 160.11
8 152.31
9 156.24
9 103.32
9 77.70
9 103.25
9 126.83
9 101.81
9 76.90
9 101.69
9 126.60
9 115.68
9 121.51
9 124.32
9 115.31
9 74.51
9 96.73
9 124.68
9 115.01
9 74.24
9 99.50
9 124.82
9 115.38
9 127.56
10 87.13
10 65.74
10 86.39
10 102.59
10 73.46
10 64.53
10 84.76
10 76.88
10 97.11
10 94.31
10 101.14
10 93.27
10 96.84
10 99.07
10 92.17
10 60.09
10 79.92
10 100.56
10 92.54
10 59.98
10 80.26
10 100.59
10 91.63
10 100.59
10 88.46
10 101.42
11 83.92
11 49.14
11 65.92
11 81.86
11 71.05
11 48.51
11 66.08
11 82.25
11 69.58
11 48.92
11 65.97
11 83.31
11 72.95
11 49.92
11 64.94
11 82.49
11 74.45
11 82.10
11 80.03
11 77.14
11 49.14
11 62.59
11 78.98
11 76.23
11 48.29
11 62.75
11 78.99
11 76.62
11 48.97
11 62.36
12 76.68
12 63.54
12 67.67
12 53.23
12 42.68
12 57.62
12 70.30
12 54.40
12 42.59
12 57.88
12 69.12
12 64.93
12 66.42
12 44.46
