4 2578.32
4 618.56
4 435.12
4 430.60
6 399.78
6 273.67
6 278.36
6 258.86
6 164.05
6 221.91
6 278.04
7 205.34
7 122.26
7 153.45
7 203.27
7 192.21
7 212.19
7 191.55
7 197.80
7 128.07
7 150.45
7 192.62
8 100.51
8 64.42
8 111.50
8 112.13
8 106.19
8 113.33
8 113.10
8 111.85
9 103.46
9 84.88
9 87.32
9 86.87
9 88.63
9 117.49
9 55.76
9 86.49
9 93.33
9 110.52
9 87.57
9 86.08
9 100.38
9 115.54
9 123.99
9 120.02
9 117.00
9 125.41
9 115.85
9 119.15
9 123.26
9 113.53
9 124.40
9 118.76
9 115.29
9 72.77
9 93.21
9 118.04
9 116.30
9 125.75
9 114.26
10 100.87
10 64.84
10 70.71
10 92.52
10 94.10
10 99.44
10 86.77
10 58.89
10 78.35
10 99.24
10 91.52
11 94.20
11 78.63
11 76.18
12 81.83
12 53.78
12 43.30
12 57.40
12 68.45
13 53.25
13 55.43
13 58.18
13 52.28
13 57.20
13 55.53
13 53.65
13 34.52
13 44.88
13 55.78
13 53.53
13 54.66
13 46.46
13 28.86
13 23.84
13 25.94
13 37.57
13 40.31
13 42.30
13 32.70
13 40.41
13 39.16
13 40.40
13 41.31
13 40.70
13 42.52
13 42.51
13 31.94
13 40.22
13 40.22
13 55.27
13 40.34
13 39.12
13 39.78
13 39.31
13 40.16
13 39.93
13 39.54
13 38.68
