3 1833.41
3 850.54
3 653.69
4 590.72
5 474.47
5 379.31
6 406.45
6 270.85
6 261.39
6 166.00
6 220.08
6 275.72
7 226.07
7 122.30
7 165.13
8 159.78
8 147.16
8 161.98
8 119.84
8 104.46
8 136.98
8 164.10
8 121.37
8 97.55
8 131.78
8 156.86
8 152.63
8 153.37
8 101.76
8 118.13
8 148.49
8 153.05
8 100.01
8 114.05
9 114.50
9 128.88
9 110.56
9 72.06
9 95.83
9 120.59
9 112.70
9 123.81
9 88.57
9 82.25
9 108.19
9 126.71
9 119.88
9 115.14
9 125.01
9 98.18
9 78.22
9 103.63
9 125.49
9 99.97
9 75.55
9 102.64
9 127.18
9 114.06
9 120.99
9 121.85
9 110.26
9 70.40
9 99.12
9 123.07
9 112.39
9 71.66
9 96.15
9 120.19
9 113.66
9 125.59
9 120.25
9 116.67
9 75.80
9 94.85
9 119.58
9 117.37
9 124.75
9 97.07
9 78.44
9 97.89
9 127.05
9 116.13
9 86.14
9 53.07
9 79.62
9 74.59
10 76.86
10 89.61
10 67.72
10 40.12
10 72.27
10 98.75
10 92.49
11 84.73
11 78.94
11 76.56
11 50.05
11 62.17
11 78.95
12 71.66
12 42.25
12 52.12
12 65.73
12 61.72
12 68.00
12 60.77
12 69.12
12 58.71
12 41.53
12 55.19
12 68.73
12 62.75
14 60.42
14 34.68
14 32.87
14 43.74
14 48.69
14 47.88
14 45.92
