3 2580.35
4 764.32
4 778.95
4 521.09
5 584.82
6 332.45
6 274.09
6 327.76
6 305.39
7 287.94
8 186.44
8 171.79
8 156.67
8 141.42
8 142.50
8 105.04
8 145.11
8 148.98
8 153.78
8 141.98
8 156.28
8 150.25
9 119.48
9 116.72
9 103.12
9 120.05
9 118.15
9 102.08
9 122.59
9 104.29
9 97.89
9 125.74
9 104.96
9 112.12
9 121.06
9 114.11
9 122.21
9 112.72
9 117.88
9 122.15
9 99.69
9 122.13
9 74.71
9 83.35
9 113.51
9 120.39
9 118.28
9 104.34
9 118.07
9 113.29
9 116.36
9 124.48
9 108.17
10 118.30
10 97.33
10 91.63
10 99.76
11 71.79
11 51.54
12 63.42
12 68.97
12 65.37
12 66.00
12 69.98
12 57.05
12 43.00
12 56.87
12 69.82
12 62.72
12 67.67
12 68.15
12 63.73
12 70.40
12 51.89
12 44.99
12 56.65
12 68.53
12 63.32
12 65.19
12 65.20
12 62.76
12 44.19
12 38.95
12 52.78
12 64.46
12 62.36
12 66.11
12 44.66
12 48.87
12 62.23
12 63.97
12 67.32
12 62.99
12 68.51
12 65.78
12 64.29
12 40.51
12 52.44
12 66.37
12 64.75
12 69.79
12 64.51
13 54.34
13 37.50
13 41.17
13 54.46
13 56.41
13 58.60
13 52.45
13 57.73
13 56.41
13 54.36
13 34.76
13 43.98
13 55.63
13 52.91
13 34.18
13 44.86
13 56.64
