3 4789.25
4 714.86
4 776.30
4 503.33
4 660.76
4 664.59
5 469.59
5 479.69
5 440.60
5 462.92
5 455.24
5 436.84
5 393.66
5 367.58
5 364.04
6 160.90
6 251.96
7 236.31
7 197.39
7 185.39
7 208.42
7 195.57
7 190.04
7 194.33
7 173.68
7 200.21
7 203.18
7 172.19
7 211.59
7 187.49
7 157.34
7 208.64
7 176.22
7 183.79
7 201.15
7 188.86
7 209.45
7 189.56
7 197.84
7 202.15
7 177.25
7 199.29
8 133.30
8 106.33
8 145.25
8 155.50
8 147.32
8 130.49
8 149.98
8 146.49
8 147.22
8 159.41
8 138.86
8 153.46
8 155.53
8 146.59
8 159.65
8 120.76
8 102.15
8 134.30
8 159.84
8 148.58
8 151.20
8 160.80
8 131.33
8 97.71
8 129.76
8 159.88
8 144.32
8 155.78
8 153.83
8 144.23
8 159.59
8 118.61
8 100.39
8 131.09
8 157.76
8 145.93
8 147.10
8 151.24
8 145.29
8 98.53
8 71.54
8 120.44
8 143.57
8 139.51
8 149.37
8 101.72
8 109.00
9 137.02
9 116.32
9 122.68
9 114.13
9 124.32
9 118.25
9 114.90
9 72.77
9 94.20
10 109.66
10 94.16
10 99.86
10 93.08
10 96.13
10 65.39
10 70.65
10 90.34
10 94.68
10 98.55
10 90.90
10 99.00
10 96.77
10 93.93
11 56.51
11 63.06
11 78.27
11 76.23
11 50.38
11 63.24
11 77.62
