2 3019.00
3 937.31
3 643.40
4 661.56
4 620.15
5 381.52
5 388.85
5 388.89
5 376.90
5 239.66
5 309.66
5 399.36
5 373.39
5 240.49
5 320.92
6 321.98
7 231.01
8 208.55
8 119.64
8 100.14
8 131.97
8 159.58
8 120.63
8 97.94
8 131.48
8 156.35
8 149.45
8 152.03
8 100.03
8 114.91
8 140.73
8 148.33
8 99.08
8 111.61
8 142.71
8 162.31
8 141.35
8 90.58
8 124.87
8 155.89
8 145.97
8 156.64
8 117.17
8 104.75
8 136.89
9 127.21
9 119.00
9 115.56
10 112.19
10 81.00
10 62.13
10 82.95
10 101.51
10 78.55
11 50.74
11 66.10
11 83.09
11 75.91
11 80.47
11 80.44
11 72.32
11 48.60
11 64.52
11 81.86
11 74.32
11 47.89
11 62.65
11 80.96
11 74.83
12 81.33
12 64.55
12 62.60
12 41.09
12 51.34
12 66.07
12 64.34
12 67.90
12 50.93
12 42.88
12 55.49
12 68.33
12 63.32
12 47.53
12 27.38
12 36.72
12 31.31
12 37.47
12 54.79
12 53.27
12 37.51
12 43.43
12 67.45
12 62.94
12 68.29
12 66.13
12 62.09
13 36.67
13 43.13
13 55.79
13 54.11
13 35.15
13 42.98
13 55.91
13 53.38
13 58.35
13 51.12
13 58.46
13 48.39
13 35.19
13 45.45
13 57.71
13 52.18
13 56.19
13 40.11
13 38.83
13 51.68
13 56.34
14 50.77
15 41.42
