3 1232.41
4 526.15
4 517.06
5 562.14
6 278.37
7 268.39
7 206.15
7 189.18
7 119.92
7 165.77
7 205.04
7 186.43
8 172.82
8 151.13
8 151.71
8 98.57
8 120.97
9 120.12
9 119.58
9 77.34
9 93.95
10 109.30
10 95.71
10 60.52
10 75.89
10 96.22
10 94.79
10 102.07
10 81.98
10 61.44
10 82.74
10 101.21
10 82.60
10 62.92
10 82.58
10 99.30
10 91.54
10 98.27
10 99.66
10 92.13
10 57.88
10 78.09
10 98.57
10 90.53
10 58.00
10 78.89
10 99.67
10 92.00
10 101.99
10 73.19
10 65.52
10 86.73
10 103.36
10 73.15
10 66.57
10 86.64
10 76.05
10 95.83
10 96.06
10 102.35
10 93.59
10 98.04
10 100.35
11 80.81
11 49.32
11 65.09
11 81.64
11 73.38
11 48.89
11 65.82
11 82.27
11 72.57
11 82.69
11 72.90
11 82.28
11 71.51
11 48.99
11 65.27
11 83.07
11 72.07
11 49.30
11 66.85
11 83.05
11 71.82
11 49.13
11 65.96
11 82.13
11 71.48
11 49.84
11 65.92
11 82.27
12 64.06
12 69.12
12 67.08
12 64.63
12 41.24
12 52.91
12 65.58
13 61.59
13 34.90
13 44.79
13 55.88
13 54.01
13 33.79
13 44.77
13 56.24
13 53.97
13 58.77
13 44.94
13 36.09
13 48.60
13 58.95
13 44.59
13 36.24
13 47.67
13 56.90
13 53.14
13 55.00
13 36.82
