3 1250.09
4 934.68
4 419.80
4 425.57
4 573.19
4 615.00
4 615.70
4 570.09
5 235.90
5 313.19
5 396.33
5 369.97
5 238.07
5 303.66
5 396.65
7 263.59
7 212.99
7 197.69
7 201.02
7 128.27
7 155.68
7 197.93
7 106.86
7 88.45
7 149.09
7 149.60
7 139.57
7 148.63
7 149.78
7 143.67
8 139.86
8 110.26
8 113.81
8 112.92
8 110.51
8 150.71
8 70.27
8 111.75
8 115.75
8 139.65
8 109.77
8 107.50
8 126.93
8 148.32
8 156.73
8 151.27
8 148.08
8 157.79
8 146.97
8 153.27
8 157.46
8 144.79
8 157.85
8 150.99
8 148.55
9 80.78
9 93.99
9 116.78
9 117.60
9 125.65
9 114.46
10 100.70
10 66.11
10 70.91
10 93.29
10 97.13
10 99.59
10 87.73
10 58.17
10 78.00
10 99.66
11 84.38
11 81.54
11 75.93
11 75.59
11 83.26
11 65.60
11 50.24
11 68.47
11 82.65
11 75.31
11 79.63
11 81.56
11 74.37
11 81.57
11 77.95
11 74.63
11 50.13
11 62.33
11 77.96
11 77.83
11 79.13
11 66.33
11 43.79
11 34.75
11 32.99
11 53.47
11 59.96
11 61.39
11 51.44
11 57.68
11 56.44
11 57.43
11 56.14
11 57.75
11 61.57
11 60.93
11 49.75
11 56.47
11 57.41
11 78.32
11 58.14
11 56.66
11 57.54
11 57.17
11 53.13
11 60.30
11 56.39
11 55.99
