4 3184.08
4 522.31
6 415.76
7 207.37
7 193.07
7 156.59
7 123.54
7 163.51
8 171.40
8 140.58
8 150.04
8 148.96
8 136.08
8 89.84
8 120.32
8 140.42
8 145.93
8 150.86
8 121.50
8 89.32
8 124.15
9 118.31
9 93.58
9 72.05
9 93.95
9 117.26
10 81.34
10 56.74
10 75.11
10 96.69
10 86.58
10 93.99
10 92.60
10 88.43
10 55.37
10 75.11
10 92.99
11 74.03
11 44.19
11 59.98
11 75.87
11 70.04
11 78.74
11 59.13
12 44.60
12 54.43
12 66.46
12 60.69
12 60.40
12 65.98
12 53.27
12 38.73
12 52.93
12 64.96
12 51.89
12 38.45
12 52.59
12 66.29
12 60.10
12 63.01
12 44.11
13 38.11
13 46.83
13 43.37
13 54.23
13 50.27
13 54.99
13 40.55
13 36.06
13 46.81
13 41.88
13 52.90
13 51.61
13 55.82
13 50.29
13 40.00
13 25.37
13 31.57
13 44.79
13 41.23
13 41.60
13 39.61
13 38.27
13 44.37
13 45.31
13 40.70
13 49.35
14 55.46
14 37.35
14 25.35
14 35.04
14 44.71
14 44.36
14 47.09
14 37.81
14 28.52
14 35.79
14 43.37
14 42.58
14 47.00
14 45.38
14 44.06
14 28.26
14 36.06
14 45.48
14 43.86
14 47.33
14 43.66
14 45.02
14 28.58
14 23.00
14 27.69
14 32.71
14 35.96
14 36.17
14 35.51
14 35.40
14 36.14
15 38.60
