2 2089.63
3 1268.38
4 707.34
4 420.44
5 528.07
6 337.71
6 276.95
6 256.98
6 164.30
6 220.69
6 278.65
6 262.87
6 167.91
6 212.54
6 279.38
6 263.61
6 289.78
6 269.27
6 272.39
6 179.02
6 211.86
6 270.20
7 112.36
7 87.88
7 147.48
8 112.02
8 106.79
8 113.65
8 113.98
8 111.74
8 113.26
8 113.54
8 114.36
8 114.53
8 114.60
8 153.78
8 72.25
8 110.10
8 119.90
8 143.84
8 112.20
8 111.95
8 130.77
8 149.13
8 161.47
8 155.18
8 150.00
8 159.59
8 149.79
8 155.01
8 160.36
8 147.63
8 159.08
8 152.87
8 151.67
9 80.58
9 95.72
9 116.64
9 117.92
10 120.19
10 93.35
10 94.87
10 65.31
10 70.98
10 93.70
10 97.04
10 100.01
10 87.78
10 60.15
10 78.51
10 100.47
10 90.27
10 101.21
11 89.87
11 76.84
11 83.35
11 65.40
11 50.34
11 68.40
11 84.10
11 76.86
11 80.88
11 83.06
11 75.79
11 83.10
11 79.16
11 74.93
11 49.55
11 62.90
11 79.17
11 77.24
11 79.97
11 64.34
11 44.00
11 35.23
11 30.72
11 54.60
11 60.94
11 61.92
11 50.20
11 58.54
11 56.01
11 58.69
11 57.57
11 59.31
11 61.40
11 61.74
11 50.00
12 55.66
12 47.68
12 65.82
12 47.80
12 46.78
12 47.54
12 47.76
13 46.12
13 41.62
13 40.64
13 39.77
