3 2693.71
3 913.27
3 1075.14
4 891.92
5 491.84
5 314.68
5 257.00
5 338.07
5 413.81
5 370.83
5 396.40
5 401.69
5 370.40
5 241.08
5 320.23
5 380.76
5 388.21
5 411.42
5 322.49
5 241.18
5 326.75
6 332.96
6 218.60
6 171.26
6 221.78
7 216.15
7 167.54
7 123.72
7 166.73
7 190.24
7 183.52
7 205.59
7 201.10
7 190.56
7 121.54
7 160.36
7 199.24
7 184.61
7 119.36
7 157.25
7 202.91
7 190.05
7 211.30
7 158.59
7 132.07
7 173.15
7 209.31
7 191.91
7 193.22
7 209.43
7 171.54
7 119.78
7 166.17
7 206.49
7 168.14
7 117.33
7 166.44
7 210.11
7 191.56
7 203.59
7 144.61
7 138.64
7 177.59
7 163.27
7 201.70
7 194.14
7 211.34
7 160.10
7 135.78
7 176.13
7 155.35
8 157.77
9 127.38
9 126.09
9 113.49
9 122.76
9 81.87
9 66.78
9 105.98
10 74.56
10 67.77
10 76.67
10 66.55
10 82.85
10 81.40
10 75.71
10 80.96
10 104.78
10 84.18
10 54.47
10 70.19
10 91.90
10 95.64
10 99.24
10 87.10
10 60.23
10 74.91
10 95.97
10 93.03
10 101.72
11 83.18
11 78.90
12 48.26
12 49.48
12 63.93
12 64.47
12 67.96
12 61.74
12 67.49
12 47.67
12 43.68
12 52.48
12 38.20
12 36.40
12 43.69
12 51.67
12 55.66
12 54.38
12 67.10
