5 2295.31
5 399.09
5 502.35
5 332.40
5 434.59
5 438.67
6 277.88
6 333.96
6 306.57
7 295.90
7 235.74
7 225.78
7 202.07
7 185.38
7 188.19
7 113.69
8 170.88
9 122.98
9 120.58
9 111.90
9 126.38
9 116.99
10 107.83
10 93.21
10 80.46
10 96.82
10 95.18
10 82.13
10 99.27
10 86.17
10 76.16
10 100.97
11 84.93
11 73.80
11 76.93
11 73.39
11 81.02
11 72.14
11 77.15
11 79.78
11 67.69
11 78.49
11 50.54
11 53.94
12 73.00
12 66.98
12 65.06
12 58.03
12 64.67
12 61.61
12 64.03
12 68.76
12 61.15
12 66.21
12 67.15
12 62.85
12 68.42
12 50.81
12 44.14
12 58.37
12 68.98
12 64.87
12 64.98
12 69.58
12 55.15
12 42.85
12 56.39
12 69.34
12 62.56
12 66.81
12 67.20
12 61.96
12 68.71
12 50.34
12 45.12
12 57.52
12 69.14
12 63.79
12 65.01
12 65.91
12 62.49
12 41.02
12 32.08
12 52.58
12 63.80
12 62.49
12 65.49
12 43.33
12 47.88
12 63.68
12 64.65
12 67.93
12 62.39
12 67.00
12 64.88
12 63.43
12 39.26
12 51.69
12 66.40
12 63.23
12 68.19
12 62.93
12 63.30
12 42.20
12 50.19
12 63.63
12 64.02
12 69.30
12 61.91
12 66.81
12 66.14
12 63.26
12 39.72
12 52.84
12 66.68
12 63.27
12 40.64
12 52.48
13 57.23
