2 2345.24
2 1299.75
2 1777.57
3 1103.98
3 995.44
6 446.65
6 283.78
6 261.16
6 168.05
6 226.58
6 283.12
6 261.94
6 289.95
6 273.68
6 272.55
6 175.98
6 215.28
6 266.50
6 270.66
6 172.49
6 217.58
6 275.79
7 261.20
7 128.26
8 143.49
8 150.10
8 151.98
8 163.04
8 131.71
8 95.48
8 131.50
8 160.54
8 131.17
8 99.27
8 131.22
10 127.59
10 92.16
10 99.37
11 82.76
11 74.96
11 48.11
11 64.54
11 81.22
11 74.36
11 48.53
11 64.67
11 81.52
11 73.93
11 83.68
11 61.52
11 53.88
11 70.59
12 77.57
12 51.19
12 44.93
12 57.60
12 51.12
12 64.96
12 64.52
12 68.81
12 62.69
12 66.87
13 65.00
13 51.67
13 33.32
13 43.67
13 57.03
13 51.07
13 33.13
13 45.34
13 57.00
13 51.60
13 57.46
13 52.00
13 57.99
14 43.96
14 29.88
14 38.50
14 49.60
14 42.55
14 29.57
14 39.33
14 49.67
14 41.91
14 29.54
14 37.87
14 49.56
14 42.55
14 30.08
14 39.12
14 49.84
14 45.17
14 49.11
14 47.76
14 46.19
14 28.49
14 38.17
15 42.92
15 39.66
15 25.55
15 33.12
15 40.55
15 39.79
15 24.67
15 33.07
15 41.76
15 39.65
15 41.86
15 32.74
15 27.36
15 36.03
15 43.00
15 32.50
15 27.49
15 36.40
15 43.40
15 40.46
15 40.82
15 26.72
