4 1408.20
4 516.08
4 392.74
5 446.12
6 381.90
6 266.26
6 285.99
8 203.57
8 148.90
8 95.26
9 117.46
9 124.82
9 116.39
9 71.13
9 98.91
9 124.52
9 112.68
9 128.43
9 96.66
9 81.10
9 106.20
9 127.61
9 93.18
9 78.27
9 105.79
9 120.57
9 116.50
9 119.65
10 71.65
10 74.70
10 93.88
10 95.65
10 63.59
10 72.71
10 92.18
10 105.98
10 88.59
10 60.29
10 80.73
10 99.37
10 94.18
10 102.97
10 75.15
10 65.95
10 88.06
10 102.51
10 97.78
10 95.83
10 103.72
10 81.78
10 62.04
10 81.97
10 102.05
10 80.65
10 61.17
10 82.30
10 103.33
10 94.13
10 99.63
10 100.79
10 89.37
10 58.56
10 80.10
10 100.06
10 90.48
11 53.37
11 63.37
11 83.29
11 77.07
11 84.36
11 80.69
11 77.67
11 49.71
11 62.97
11 78.27
11 76.84
11 82.73
11 52.86
11 51.34
11 68.13
11 85.07
11 77.66
11 56.78
11 34.76
11 50.65
11 52.33
11 62.32
11 73.03
11 71.53
11 45.72
11 63.69
11 80.82
11 76.13
11 82.81
11 80.14
11 78.07
11 49.78
11 63.06
11 79.92
11 78.00
11 50.19
11 63.18
11 80.13
11 77.18
11 84.24
11 73.97
11 84.69
11 68.71
11 49.16
11 66.85
11 83.83
11 76.96
11 83.10
11 58.14
11 56.76
11 74.89
11 81.52
11 80.54
11 76.47
